0.33
0.35
0.37
0.38
0.40
0.42
0.43
0.45
0.47
0.48
0.50
0.52
0.53
0.55
0.57
0.58
0.60
0.62
0.63
0.65
0.67
0.68
0.70
0.72
0.73
0.75
0.77
0.78
0.80
0.82
0.83
0.85
0.87
0.89
0.90
0.92
0.94
0.95
0.97
0.99
1.00
1.00
1.00
1.00
1.00
1.00
1.00
1.00
1.00
1.00
1.00
1.00
1.00
1.00
0.99
0.98
0.97
0.96
0.94
0.93
0.92
0.91
0.89
0.88
0.86
0.85
0.85
0.85
0.86
0.87
0.88
0.89
0.90
0.91
0.91
0.91
0.91
0.91
0.91
0.91
0.91
0.91
0.91
0.91
0.91
0.91
0.92
0.93
0.94
0.95
0.96
0.97
0.98
1.00
1.00
1.00
1.00
1.00
1.00
1.00
1.00
1.00
1.00
1.00
