0.33
0.35
0.37
0.38
0.40
0.42
0.43
0.45
0.47
0.48
0.50
0.52
0.53
0.55
0.57
0.58
0.60
0.62
0.63
0.65
0.67
0.68
0.70
0.72
0.73
0.75
0.77
0.78
0.80
0.82
0.83
0.85
0.87
0.89
0.89
0.89
0.89
0.89
0.89
0.89
0.89
0.87
0.86
0.84
0.83
0.81
0.79
0.78
0.76
0.74
0.73
0.71
0.69
0.68
0.66
0.64
0.63
0.61
0.59
0.58
0.56
0.55
0.53
0.51
0.50
0.48
0.48
0.48
0.48
0.48
0.48
0.48
0.48
0.48
0.48
0.48
0.48
0.48
0.48
0.48
0.48
0.48
0.48
0.48
0.48
0.48
0.50
0.52
0.53
0.55
0.57
0.58
0.60
0.61
0.63
0.64
0.66
0.67
0.69
0.70
0.71
0.72
0.72
0.72
